00000	0000	0     
00001	0000	0     
00002	0000	0     
00003	0000	0     
00004	0000	0     
00005	0000	0     
00006	0000	0     
00007	0000	0     
00008	0000	0     
00009	0000	0     
00010	0000	0     
00011	0000	0     
00012	0000	0     
00013	0000	0     
00014	0000	0     
00015	0000	0     
00016	0000	0     
00017	0000	0     
00018	0000	0     
00019	0000	0     
00020	0000	0     
00021	0000	0     
00022	0000	0     
00023	0000	0     
00024	0000	0     
00025	0000	0     
00026	0000	0     
00027	0000	0     
00028	0000	0     
00029	0000	0     
00030	0000	0     
00031	0000	0     
00032	0000	0     
00033	0000	0     
00034	0000	0     
00035	0000	0     
00036	0000	0     
00037	0000	0     
00038	0000	0     
00039	0000	0     
00040	0000	0     
00041	0000	0     
00042	0000	0     
00043	0000	0     
00044	0000	0     
00045	0000	0     
00046	0000	0     
00047	0000	0     
00048	0000	0     
00049	0000	0     
00050	0000	0     
00051	0000	0     
00052	0000	0     
00053	0000	0     
00054	0000	0     
00055	0000	0     
00056	0000	0     
00057	0000	0     
00058	0000	0     
00059	0000	0     
00060	0000	0     
00061	0000	0     
00062	0000	0     
00063	0000	0     
00064	0000	0     
00065	0000	0     
00066	0000	0     
00067	0000	0     
00068	0000	0     
00069	0000	0     
00070	0000	0     
00071	0000	0     
00072	0000	0     
00073	0000	0     
00074	0000	0     
00075	0000	0     
00076	0000	0     
00077	0000	0     
00078	0000	0     
00079	0000	0     
00080	0000	0     
00081	0000	0     
00082	0000	0     
00083	0000	0     
00084	0000	0     
00085	0000	0     
00086	0000	0     
00087	0000	0     
00088	0000	0     
00089	0000	0     
00090	0000	0     
00091	0000	0     
00092	0000	0     
00093	0000	0     
00094	0000	0     
00095	0000	0     
00096	0000	0     
00097	0000	0     
00098	0000	0     
00099	0000	0     
00100	0000	0     
00101	0000	0     
00102	0000	0     
00103	0000	0     
00104	0000	0     
00105	0000	0     
00106	0000	0     
00107	0000	0     
00108	0000	0     
00109	0000	0     
00110	0000	0     
00111	0000	0     
00112	0000	0     
00113	0000	0     
00114	0000	0     
00115	0000	0     
00116	0000	0     
00117	0000	0     
00118	0000	0     
00119	0000	0     
00120	0000	0     
00121	0000	0     
00122	0000	0     
00123	0000	0     
00124	0000	0     
00125	0000	0     
00126	0000	0     
00127	0000	0     
